function f = objfun(x)
 % OBJFUN Objective function.
 % Documentation example.
%   Copyright 1990-2008 The MathWorks, Inc.
%   $Revision: 1.1.6.3 $  $Date: 2008/02/29 12:47:47 $
%   Author: Sudhanshu Mittal
f = 0;
f = f+x(243)+x(244) - 2*x(243)*x(244) -1;
f = f+x(149)+x(150) - 2*x(149)*x(150) -1;
f = f+x(253)+x(47) - 2*x(253)*x(47) -1;
f = f + 2*x(280)*x(281) -x(280) -x(281);
f = f + 2*x(175)*x(86) -x(175) -x(86);
f = f + 2*x(118)*x(91) -x(118) -x(91);
f = f + 2*x(118)*x(151) -x(118) -x(151);
f = f+x(118)+x(53) - 2*x(118)*x(53) -1;
f = f + 2*x(257)*x(258) -x(257) -x(258);
f = f+x(222)+x(213) - 2*x(222)*x(213) -1;
f = f+x(110)+x(208) - 2*x(110)*x(208) -1;
f = f + 2*x(110)*x(33) -x(110) -x(33);
f = f+x(106)+x(115) - 2*x(106)*x(115) -1;
f = f+x(106)+x(137) - 2*x(106)*x(137) -1;
f = f+x(106)+x(72) - 2*x(106)*x(72) -1;
f = f+x(106)+x(177) - 2*x(106)*x(177) -1;
f = f+x(106)+x(140) - 2*x(106)*x(140) -1;
f = f+x(106)+x(107) - 2*x(106)*x(107) -1;
f = f + 2*x(121)*x(13) -x(121) -x(13);
f = f + 2*x(205)*x(206) -x(205) -x(206);
f = f + 2*x(12)*x(201) -x(12) -x(201);
f = f + 2*x(221)*x(106) -x(221) -x(106);
f = f+x(27)+x(117) - 2*x(27)*x(117) -1;
f = f + 2*x(43)*x(44) -x(43) -x(44);
f = f + 2*x(235)*x(85) -x(235) -x(85);
f = f+x(235)+x(46) - 2*x(235)*x(46) -1;
f = f+x(88)+x(89) - 2*x(88)*x(89) -1;
f = f+x(88)+x(238) - 2*x(88)*x(238) -1;
f = f + 2*x(116)*x(117) -x(116) -x(117);
f = f+x(303)+x(274) - 2*x(303)*x(274) -1;
f = f+x(6)+x(76) - 2*x(6)*x(76) -1;
f = f + 2*x(164)*x(165) -x(164) -x(165);
f = f + 2*x(96)*x(97) -x(96) -x(97);
f = f + 2*x(126)*x(39) -x(126) -x(39);
f = f+x(71)+x(72) - 2*x(71)*x(72) -1;
f = f+x(40)+x(41) - 2*x(40)*x(41) -1;
f = f+x(277)+x(278) - 2*x(277)*x(278) -1;
f = f+x(279)+x(44) - 2*x(279)*x(44) -1;
f = f+x(7)+x(8) - 2*x(7)*x(8) -1;
f = f+x(130)+x(131) - 2*x(130)*x(131) -1;
f = f + 2*x(227)*x(8) -x(227) -x(8);
f = f+x(245)+x(246) - 2*x(245)*x(246) -1;
f = f + 2*x(155)*x(27) -x(155) -x(27);
f = f+x(155)+x(176) - 2*x(155)*x(176) -1;
f = f+x(155)+x(211) - 2*x(155)*x(211) -1;
f = f + 2*x(123)*x(124) -x(123) -x(124);
f = f+x(15)+x(16) - 2*x(15)*x(16) -1;
f = f + 2*x(135)*x(136) -x(135) -x(136);
f = f+x(135)+x(1) - 2*x(135)*x(1) -1;
f = f + 2*x(223)*x(224) -x(223) -x(224);
f = f+x(47)+x(48) - 2*x(47)*x(48) -1;
f = f + 2*x(194)*x(93) -x(194) -x(93);
f = f+x(301)+x(274) - 2*x(301)*x(274) -1;
f = f + 2*x(217)*x(201) -x(217) -x(201);
f = f + 2*x(283)*x(265) -x(283) -x(265);
f = f + 2*x(132)*x(152) -x(132) -x(152);
f = f + 2*x(132)*x(146) -x(132) -x(146);
f = f+x(132)+x(133) - 2*x(132)*x(133) -1;
f = f+x(289)+x(274) - 2*x(289)*x(274) -1;
f = f+x(286)+x(287) - 2*x(286)*x(287) -1;
f = f+x(248)+x(142) - 2*x(248)*x(142) -1;
f = f + 2*x(250)*x(251) -x(250) -x(251);
f = f+x(250)+x(270) - 2*x(250)*x(270) -1;
f = f + 2*x(30)*x(31) -x(30) -x(31);
f = f+x(30)+x(51) - 2*x(30)*x(51) -1;
f = f + 2*x(204)*x(77) -x(204) -x(77);
f = f+x(220)+x(106) - 2*x(220)*x(106) -1;
f = f+x(200)+x(201) - 2*x(200)*x(201) -1;
f = f + 2*x(173)*x(174) -x(173) -x(174);
f = f + 2*x(226)*x(108) -x(226) -x(108);
f = f + 2*x(153)*x(154) -x(153) -x(154);
f = f + 2*x(297)*x(298) -x(297) -x(298);
f = f+x(90)+x(91) - 2*x(90)*x(91) -1;
f = f+x(259)+x(127) - 2*x(259)*x(127) -1;
f = f+x(58)+x(59) - 2*x(58)*x(59) -1;
f = f + 2*x(196)*x(197) -x(196) -x(197);
f = f + 2*x(241)*x(242) -x(241) -x(242);
f = f + 2*x(157)*x(131) -x(157) -x(131);
f = f + 2*x(52)*x(159) -x(52) -x(159);
f = f + 2*x(9)*x(10) -x(9) -x(10);
f = f+x(105)+x(94) - 2*x(105)*x(94) -1;
f = f + 2*x(105)*x(182) -x(105) -x(182);
f = f + 2*x(105)*x(52) -x(105) -x(52);
f = f + 2*x(105)*x(29) -x(105) -x(29);
f = f + 2*x(105)*x(142) -x(105) -x(142);
f = f+x(105)+x(296) - 2*x(105)*x(296) -1;
f = f+x(105)+x(108) - 2*x(105)*x(108) -1;
f = f + 2*x(113)*x(145) -x(113) -x(145);
f = f+x(113)+x(9) - 2*x(113)*x(9) -1;
f = f+x(113)+x(216) - 2*x(113)*x(216) -1;
f = f+x(113)+x(166) - 2*x(113)*x(166) -1;
f = f + 2*x(75)*x(76) -x(75) -x(76);
f = f+x(254)+x(228) - 2*x(254)*x(228) -1;
f = f+x(228)+x(229) - 2*x(228)*x(229) -1;
f = f + 2*x(83)*x(84) -x(83) -x(84);
f = f+x(271)+x(136) - 2*x(271)*x(136) -1;
f = f+x(28)+x(29) - 2*x(28)*x(29) -1;
f = f + 2*x(28)*x(55) -x(28) -x(55);
f = f + 2*x(66)*x(105) -x(66) -x(105);
f = f+x(66)+x(28) - 2*x(66)*x(28) -1;
f = f+x(167)+x(113) - 2*x(167)*x(113) -1;
f = f + 2*x(262)*x(88) -x(262) -x(88);
f = f + 2*x(282)*x(128) -x(282) -x(128);
f = f+x(19)+x(20) - 2*x(19)*x(20) -1;
f = f+x(19)+x(60) - 2*x(19)*x(60) -1;
f = f + 2*x(56)*x(57) -x(56) -x(57);
f = f + 2*x(127)*x(128) -x(127) -x(128);
f = f + 2*x(127)*x(239) -x(127) -x(239);
f = f+x(127)+x(59) - 2*x(127)*x(59) -1;
f = f+x(11)+x(12) - 2*x(11)*x(12) -1;
f = f+x(247)+x(122) - 2*x(247)*x(122) -1;
f = f+x(219)+x(108) - 2*x(219)*x(108) -1;
f = f+x(273)+x(274) - 2*x(273)*x(274) -1;
f = f+x(78)+x(79) - 2*x(78)*x(79) -1;
f = f + 2*x(138)*x(108) -x(138) -x(108);
f = f + 2*x(85)*x(86) -x(85) -x(86);
f = f + 2*x(1)*x(2) -x(1) -x(2);
f = f + 2*x(3)*x(4) -x(3) -x(4);
f = f+x(214)+x(215) - 2*x(214)*x(215) -1;
f = f + 2*x(290)*x(291) -x(290) -x(291);
f = f+x(198)+x(199) - 2*x(198)*x(199) -1;
f = f + 2*x(141)*x(126) -x(141) -x(126);
f = f + 2*x(141)*x(86) -x(141) -x(86);
f = f+x(252)+x(245) - 2*x(252)*x(245) -1;
f = f+x(154)+x(190) - 2*x(154)*x(190) -1;
f = f + 2*x(154)*x(186) -x(154) -x(186);
f = f + 2*x(154)*x(86) -x(154) -x(86);
f = f+x(39)+x(82) - 2*x(39)*x(82) -1;
f = f + 2*x(209)*x(77) -x(209) -x(77);
f = f + 2*x(232)*x(233) -x(232) -x(233);
f = f+x(179)+x(180) - 2*x(179)*x(180) -1;
f = f+x(255)+x(256) - 2*x(255)*x(256) -1;
f = f+x(32)+x(33) - 2*x(32)*x(33) -1;
f = f+x(218)+x(30) - 2*x(218)*x(30) -1;
f = f+x(92)+x(85) - 2*x(92)*x(85) -1;
f = f + 2*x(265)*x(266) -x(265) -x(266);
f = f+x(35)+x(36) - 2*x(35)*x(36) -1;
f = f + 2*x(184)*x(185) -x(184) -x(185);
f = f + 2*x(49)*x(50) -x(49) -x(50);
f = f+x(101)+x(88) - 2*x(101)*x(88) -1;
f = f+x(284)+x(285) - 2*x(284)*x(285) -1;
f = f + 2*x(178)*x(94) -x(178) -x(94);
f = f+x(139)+x(42) - 2*x(139)*x(42) -1;
f = f+x(81)+x(238) - 2*x(81)*x(238) -1;
f = f+x(80)+x(81) - 2*x(80)*x(81) -1;
f = f + 2*x(102)*x(103) -x(102) -x(103);
f = f+x(102)+x(104) - 2*x(102)*x(104) -1;
f = f + 2*x(160)*x(161) -x(160) -x(161);
f = f+x(24)+x(42) - 2*x(24)*x(42) -1;
f = f+x(24)+x(25) - 2*x(24)*x(25) -1;
f = f + 2*x(24)*x(114) -x(24) -x(114);
f = f+x(14)+x(21) - 2*x(14)*x(21) -1;
f = f + 2*x(13)*x(21) -x(13) -x(21);
f = f + 2*x(13)*x(14) -x(13) -x(14);
f = f+x(234)+x(88) - 2*x(234)*x(88) -1;
f = f+x(189)+x(131) - 2*x(189)*x(131) -1;
f = f + 2*x(45)*x(46) -x(45) -x(46);
f = f + 2*x(45)*x(86) -x(45) -x(86);
f = f + 2*x(292)*x(293) -x(292) -x(293);
f = f + 2*x(95)*x(33) -x(95) -x(33);
f = f + 2*x(202)*x(154) -x(202) -x(154);
f = f + 2*x(192)*x(193) -x(192) -x(193);
f = f+x(302)+x(274) - 2*x(302)*x(274) -1;
f = f + 2*x(299)*x(300) -x(299) -x(300);
f = f + 2*x(191)*x(133) -x(191) -x(133);
f = f+x(69)+x(70) - 2*x(69)*x(70) -1;
f = f+x(170)+x(27) - 2*x(170)*x(27) -1;
f = f + 2*x(73)*x(74) -x(73) -x(74);
f = f+x(183)+x(105) - 2*x(183)*x(105) -1;
f = f+x(61)+x(62) - 2*x(61)*x(62) -1;
f = f + 2*x(51)*x(52) -x(51) -x(52);
f = f+x(187)+x(188) - 2*x(187)*x(188) -1;
f = f+x(156)+x(106) - 2*x(156)*x(106) -1;
f = f + 2*x(38)*x(98) -x(38) -x(98);
f = f+x(38)+x(39) - 2*x(38)*x(39) -1;
f = f+x(109)+x(9) - 2*x(109)*x(9) -1;
f = f+x(34)+x(10) - 2*x(34)*x(10) -1;
f = f + 2*x(34)*x(9) -x(34) -x(9);
f = f + 2*x(5)*x(6) -x(5) -x(6);
f = f+x(263)+x(264) - 2*x(263)*x(264) -1;
f = f+x(53)+x(54) - 2*x(53)*x(54) -1;
f = f + 2*x(87)*x(53) -x(87) -x(53);
f = f+x(64)+x(27) - 2*x(64)*x(27) -1;
f = f + 2*x(64)*x(65) -x(64) -x(65);
f = f+x(77)+x(129) - 2*x(77)*x(129) -1;
f = f + 2*x(77)*x(52) -x(77) -x(52);
f = f + 2*x(77)*x(29) -x(77) -x(29);
f = f + 2*x(77)*x(28) -x(77) -x(28);
f = f+x(77)+x(55) - 2*x(77)*x(55) -1;
f = f + 2*x(77)*x(142) -x(77) -x(142);
f = f+x(230)+x(86) - 2*x(230)*x(86) -1;
f = f + 2*x(272)*x(191) -x(272) -x(191);
f = f+x(168)+x(13) - 2*x(168)*x(13) -1;
f = f+x(54)+x(225) - 2*x(54)*x(225) -1;
f = f+x(99)+x(21) - 2*x(99)*x(21) -1;
f = f+x(99)+x(82) - 2*x(99)*x(82) -1;
